AI LOS (BLEU-1	BLEU-2	BLEU-3	BLEU-4	ROUGE-ROUGE1	ROUGE-ROUGE2	ROUGE-ROUGEL	METEOR	ChrF	TER	GLEU	Perplexity)

train 0.7070271902	0.6065950886	0.5283053708	0.4638348691	0.8814024194	0.7158588061	0.8347677035	0.864673191	74.24876884	26.01564526	0.8203331251	0.4665500977  
Val   0.7052737404	0.6039761441	0.5253136644	0.4605852658	0.8796010375	0.7130507906	0.8319769202	0.8616559102	73.92221408	26.31135981	0.8174049476	0.4670444229
test  0.7040733412	0.6032308904	0.5248313798	0.460406643	0.8798718166	0.7128344748	0.8325406108	0.8640335803	74.06583241	26.30035489	0.8185734239	0.4683669062
-----------------------------------------------------------------------------------------------------------------------------------
Mean  0.7054580906	0.6046007077	0.5261501383	0.461608926	0.8802917578	0.7139146905	0.8330950782	0.8634542272	74.07893844	26.20911999	0.8187704989	0.4673204756
-----------------------------------------------------------------------------------------------------------------------------------

AI MP (BLEU-1	BLEU-2	BLEU-3	BLEU-4	ROUGE-ROUGE1	ROUGE-ROUGE2	ROUGE-ROUGEL	METEOR	ChrF	TER	GLEU	Perplexity)

train 0.7082727894	0.6071089359	0.5285817857	0.4639536665	0.8823282331	0.7142793713	0.8331152012	0.8647588219	74.4355288	26.0953651	0.8223972957	0.4658545462 
Val   0.7056571607	0.6049878221	0.526751512	0.4622623831	0.8793156217	0.7111391614	0.8313327103	0.8635429109	73.99096678	26.26824965	0.8181511552	0.4670148087
test  0.705485284	0.6044697061	0.5257935868	0.4608745665	0.8800868811	0.7135185293	0.8323121621	0.8639898664	74.1996749	26.41956979	0.8194512748	0.4675850921
-----------------------------------------------------------------------------------------------------------------------------------
Mean  0.7064717447	0.6055221547	0.5270422948	0.4623635387	0.880576912	0.7129790207	0.8322533579	0.8640971997	74.20872349	26.26106151	0.8199999086	0.466818149
-----------------------------------------------------------------------------------------------------------------------------------
====================================================================================================================================================================================================
All   0.7059649177	0.6050614312	0.5265962166	0.4619862324	0.8804343349	0.7134468556	0.8326742181	0.8637757135	74.14383097	26.23509075	0.8193852038	0.4670693123
====================================================================================================================================================================================================

GT LOS (BLEU-1	BLEU-2	BLEU-3	BLEU-4	ROUGE-ROUGE1	ROUGE-ROUGE2	ROUGE-ROUGEL	METEOR	ChrF	TER	GLEU	Perplexity)

train 0.7060138073	0.6059399518	0.5279315003	0.4637371982	0.8806708383	0.7156839325	0.8345264423	0.8629646069	74.22491823	26.01529773	0.819631116	0.4664202556
Val   0.7057361828	0.6044753523	0.5258545619	0.4611242293	0.8803473577	0.7138627494	0.8325228144	0.8627994187	73.99965514	26.14257717	0.8183215744	0.4668253083
test  0.7028046375	0.602277401	0.5241156238	0.459807918	0.87908669	0.7124421852	0.8322134445	0.8624869461	74.02466805	26.35447507	0.817809002	0.4684979712
-----------------------------------------------------------------------------------------------------------------------------------
Mean  0.7048515425	0.6042309017	0.5259672287	0.4615564485	0.880034962	0.713996289	0.8330875671	0.8627503239	74.08308047	26.17078332	0.8185872308	0.467247845
-----------------------------------------------------------------------------------------------------------------------------------

GT MP (BLEU-1	BLEU-2	BLEU-3	BLEU-4	ROUGE-ROUGE1	ROUGE-ROUGE2	ROUGE-ROUGEL	METEOR	ChrF	TER	GLEU	Perplexity)

train 0.7073596641	0.6065043487	0.5282205058	0.4637271934	0.8818202116	0.7144516082	0.8329765641	0.863530936	74.40209434	26.15006747	0.8216343621	0.4658935085
Val   0.7050504834	0.6041494962	0.5257702096	0.4612536482	0.8794210324	0.7110714715	0.8312153162	0.8631915885	73.98048736	26.25090274	0.8180759836	0.4671574192
test  0.7051100114	0.6041323903	0.5254676608	0.4605999168	0.8798369477	0.7130301409	0.8319931669	0.8635243685	74.15083186	26.430864	0.8190737843	0.4676793574
-----------------------------------------------------------------------------------------------------------------------------------
Mean  0.705840053	0.6049287451	0.5264861254	0.4618602528	0.8803593972	0.7128510735	0.8320616824	0.863415631	74.17780452	26.27727807	0.81959471	0.466910095
-----------------------------------------------------------------------------------------------------------------------------------
====================================================================================================================================================================================================
All   0.7053457978	0.6045798234	0.5262266771	0.4617083507	0.8801971796	0.7134236813	0.8325746248	0.8630829775	74.1304425	26.2240307	0.8190909704	0.46707897
====================================================================================================================================================================================================

PE LOS (BLEU-1	BLEU-2	BLEU-3	BLEU-4	ROUGE-ROUGE1	ROUGE-ROUGE2	ROUGE-ROUGEL	METEOR	ChrF	TER	GLEU	Perplexity)

train 0.7756294061	0.6883409545	0.6186268956	0.5596549472	0.9010765921	0.7713691739	0.8660184264	0.8863025008	82.0556805	0.1674021662	0.8690299997	0.2695481036
Val   0.7646335646	0.6757870177	0.6054868406	0.5460190108	0.8918156015	0.7541704709	0.8539732617	0.8775896163	81.37692384	0.2072102203	0.8572600137	0.2774858248
test  0.793036497	0.7100859702	0.6430288694	0.5854443339	0.9107973808	0.7883900935	0.8773085832	0.8974417312	82.7634802	0.1319371977	0.8794129712	0.2547041894
-----------------------------------------------------------------------------------------------------------------------------------
Mean  0.7777664892	0.6914046475	0.6223808685	0.5637060973	0.9012298581	0.7713099128	0.8657667571	0.8871112828	82.06536151	0.1688498614	0.8685676615	0.2672460393
-----------------------------------------------------------------------------------------------------------------------------------

PE MP (BLEU-1	BLEU-2	BLEU-3	BLEU-4	ROUGE-ROUGE1	ROUGE-ROUGE2	ROUGE-ROUGEL	METEOR	ChrF	TER	GLEU	Perplexity)

train 0.7856292198	0.7007951973	0.632820717	0.5747588022	0.9057950394	0.778590368	0.8700454609	0.8989372867	82.84644468	0.1568769878	0.8759800704	0.2604783646
Val   0.7861663775	0.7016313607	0.6338557837	0.5760332262	0.9038422557	0.7751910214	0.8687623659	0.8938034433	82.39416077	0.1506386864	0.8724950684	0.2607143447
test  0.7866315493	0.7014577694	0.6330805686	0.5746811175	0.9073895997	0.7816103088	0.8728646785	0.8929741254	82.5261061	0.1468912169	0.87638033	0.2595162992
-----------------------------------------------------------------------------------------------------------------------------------
Mean  0.7861423822	0.7012947758	0.6332523564	0.5751577153	0.9056756316	0.7784638994	0.8705575018	0.8952382851	82.58890385	0.1514689637	0.8749518229	0.2602363362
-----------------------------------------------------------------------------------------------------------------------------------
====================================================================================================================================================================================================
All   0.7819544357	0.6963497117	0.6278166125	0.5694319063	0.9034527449	0.7748869061	0.8681621295	0.891174784	82.32713268	0.1601594126	0.8717597422	0.2637411878
====================================================================================================================================================================================================